    0.085163036     0.16849921    0.010000000  -0.0094175648
     0.16127015     0.24370044    0.020000000    -0.29146718
     0.22918314     0.31071437    0.030000000    -0.44885869
     0.28968177     0.37032011    0.040000000    -0.55537958
     0.34347161     0.42322265    0.050000000    -0.63415448
     0.39119109     0.47005989    0.060000000    -0.69548372
     0.43341787     0.51140901    0.070000000    -0.74486159
     0.47067467     0.54779227    0.080000000    -0.78556729
     0.50343443     0.57968225    0.090000000    -0.81971546
     0.53212510     0.60750653     0.10000000    -0.84874937
     0.55713391     0.63165201     0.11000000    -0.87369780
     0.57881124     0.65246879     0.12000000    -0.89531967
     0.59747411     0.67027362     0.13000000    -0.91419063
     0.61340939     0.68535313     0.14000000    -0.93075740
     0.62687665     0.69796668     0.15000000    -0.94537340
     0.63811075     0.70834892     0.16000000    -0.95832283
     0.64732419     0.71671220     0.17000000    -0.96983743
     0.65470928     0.72324864     0.18000000    -0.98010846
     0.66044001     0.72813210     0.19000000    -0.98929545
     0.66467380     0.73151986     0.20000000    -0.99753270
     0.66755311     0.73355428     0.21000000     -1.0049342
     0.66920683     0.73436413     0.22000000     -1.0115973
     0.66975160     0.73406595     0.23000000     -1.0176059
     0.66929294     0.73276518     0.24000000     -1.0230325
     0.66792635     0.73055723     0.25000000     -1.0279401
     0.66573823     0.72752843     0.26000000     -1.0323839
     0.66280675     0.72375689     0.27000000     -1.0364121
     0.65920265     0.71931330     0.28000000     -1.0400675
     0.65498995     0.71426161     0.29000000     -1.0433875
     0.65022655     0.70865969     0.30000000     -1.0464055
     0.64496487     0.70255990     0.31000000     -1.0491511
     0.63925232     0.69600961     0.32000000     -1.0516507
     0.63313181     0.68905170     0.33000000     -1.0539278
     0.62664217     0.68172497     0.34000000     -1.0560036
     0.61981851     0.67406449     0.35000000     -1.0578969
     0.61269262     0.66610205     0.36000000     -1.0596247
     0.60529327     0.65786636     0.37000000     -1.0612023
     0.59764648     0.64938345     0.38000000     -1.0626434
     0.58977579     0.64067682     0.39000000     -1.0639604
     0.58170252     0.63176777     0.40000000     -1.0651645
     0.57344594     0.62267557     0.41000000     -1.0662659
     0.56502349     0.61341765     0.42000000     -1.0672736
     0.55645096     0.60400976     0.43000000     -1.0681960
     0.54774264     0.59446619     0.44000000     -1.0690407
     0.53891143     0.58479985     0.45000000     -1.0698143
     0.52996905     0.57502242     0.46000000     -1.0705233
     0.52092606     0.56514446     0.47000000     -1.0711730
     0.51179204     0.55517556     0.48000000     -1.0717688
     0.50257566     0.54512436     0.49000000     -1.0723152
     0.49328475     0.53499869     0.50000000     -1.0728165
     0.48392641     0.52480564     0.51000000     -1.0732765
     0.47450704     0.51455163     0.52000000     -1.0736989
     0.46503247     0.50424245     0.53000000     -1.0740866
     0.45550794     0.49388335     0.54000000     -1.0744428
     0.44593820     0.48347909     0.55000000     -1.0747701
     0.43632756     0.47303396     0.56000000     -1.0750708
     0.42667991     0.46255185     0.57000000     -1.0753473
     0.41699878     0.45203629     0.58000000     -1.0756016
     0.40728734     0.44149044     0.59000000     -1.0758354
     0.39754849     0.43091721     0.60000000     -1.0760506
     0.38778483     0.42031918     0.61000000     -1.0762486
     0.37799872     0.40969873     0.62000000     -1.0764309
     0.36819230     0.39905798     0.63000000     -1.0765988
     0.35836750     0.38839887     0.64000000     -1.0767535
     0.34852607     0.37772314     0.65000000     -1.0768960
     0.33866960     0.36703238     0.66000000     -1.0770274
     0.32879951     0.35632801     0.67000000     -1.0771485
     0.31891710     0.34561134     0.68000000     -1.0772602
     0.30902354     0.33488353     0.69000000     -1.0773633
     0.29911990     0.32414564     0.70000000     -1.0774584
     0.28920713     0.31339863     0.71000000     -1.0775462
     0.27928610     0.30264337     0.72000000     -1.0776273
     0.26935760     0.29188064     0.73000000     -1.0777022
     0.25942234     0.28111116     0.74000000     -1.0777714
     0.24948097     0.27033557     0.75000000     -1.0778355
     0.23953405     0.25955445     0.76000000     -1.0778947
     0.22958213     0.24876832     0.77000000     -1.0779494
     0.21962568     0.23797766     0.78000000     -1.0780001
     0.20966512     0.22718291     0.79000000     -1.0780470
     0.19970086     0.21638444     0.80000000     -1.0780905
     0.18973323     0.20558263     0.81000000     -1.0781308
     0.17976257     0.19477778     0.82000000     -1.0781681
     0.16978917     0.18397018     0.83000000     -1.0782027
     0.15981327     0.17316009     0.84000000     -1.0782348
     0.14983512     0.16234776     0.85000000     -1.0782646
     0.13985494     0.15153340     0.86000000     -1.0782923
     0.12987291     0.14071719     0.87000000     -1.0783180
     0.11988922     0.12989931     0.88000000     -1.0783419
     0.10990402     0.11907993     0.89000000     -1.0783641
    0.099917450     0.10825919     0.90000000     -1.0783848
    0.089929648    0.097437209     0.91000000     -1.0784040
    0.079940729    0.086614113     0.92000000     -1.0784220
    0.069950798    0.075790007     0.93000000     -1.0784386
    0.059959952    0.064964987     0.94000000     -1.0784542
    0.049968278    0.054139139     0.95000000     -1.0784687
    0.039975855    0.043312543     0.96000000     -1.0784822
    0.029982754    0.032485269     0.97000000     -1.0784948
    0.019989040    0.021657383     0.98000000     -1.0785066
   0.0099947712    0.010828942     0.99000000     -1.0785176
