   0.0089502117    0.017882392   0.0010000000 -0.00087583476
    0.017801417    0.026724583   0.0020000000    -0.29993566
    0.026554603    0.035468754   0.0030000000    -0.47405982
    0.035210742    0.044115880   0.0040000000    -0.59703454
    0.043770802    0.052666928   0.0050000000    -0.69198363
    0.052235739    0.061122852   0.0060000000    -0.76920702
    0.060606498    0.069484600   0.0070000000    -0.83419904
    0.068884017    0.077753109   0.0080000000    -0.89023929
    0.077069223    0.085929306   0.0090000000    -0.93944320
    0.085163036    0.094014110    0.010000000    -0.98325515
    0.093166364     0.10200843    0.011000000     -1.0227054
     0.10108011     0.10991317    0.012000000     -1.0585546
     0.10890516     0.11772921    0.013000000     -1.0913804
     0.11664240     0.12545745    0.014000000     -1.1216318
     0.12429270     0.13309875    0.015000000     -1.1496649
     0.13185694     0.14065398    0.016000000     -1.1757665
     0.13933596     0.14812399    0.017000000     -1.2001715
     0.14673061     0.15550964    0.018000000     -1.2230741
     0.15404173     0.16281176    0.019000000     -1.2446373
     0.16127015     0.17003118    0.020000000     -1.2649989
     0.16841671     0.17716873    0.021000000     -1.2842765
     0.17548220     0.18422523    0.022000000     -1.3025712
     0.18246744     0.19120147    0.023000000     -1.3199708
     0.18937323     0.19809826    0.024000000     -1.3365517
     0.19620035     0.20491638    0.025000000     -1.3523810
     0.20294959     0.21165663    0.026000000     -1.3675180
     0.20962173     0.21831977    0.027000000     -1.3820151
     0.21621753     0.22490657    0.028000000     -1.3959191
     0.22273775     0.23141779    0.029000000     -1.4092718
     0.22918314     0.23785419    0.030000000     -1.4221110
     0.23555445     0.24421651    0.031000000     -1.4344703
     0.24185242     0.25050548    0.032000000     -1.4463806
     0.24807776     0.25672183    0.033000000     -1.4578696
     0.25423122     0.26286630    0.034000000     -1.4689627
     0.26031350     0.26893958    0.035000000     -1.4796830
     0.26632531     0.27494240    0.036000000     -1.4900516
     0.27226735     0.28087545    0.037000000     -1.5000881
     0.27814032     0.28673943    0.038000000     -1.5098103
     0.28394490     0.29253502    0.039000000     -1.5192347
     0.28968177     0.29826290    0.040000000     -1.5283765
     0.29535161     0.30392376    0.041000000     -1.5372498
     0.30095509     0.30951824    0.042000000     -1.5458677
     0.30649286     0.31504703    0.043000000     -1.5542425
     0.31196558     0.32051076    0.044000000     -1.5623853
     0.31737389     0.32591009    0.045000000     -1.5703068
     0.32271844     0.33124565    0.046000000     -1.5780167
     0.32799987     0.33651809    0.047000000     -1.5855245
     0.33321879     0.34172803    0.048000000     -1.5928386
     0.33837583     0.34687609    0.049000000     -1.5999673
     0.34347161     0.35196288    0.050000000     -1.6069180
     0.34850674     0.35698903    0.051000000     -1.6136980
     0.35348181     0.36195512    0.052000000     -1.6203141
     0.35839744     0.36686176    0.053000000     -1.6267725
     0.36325420     0.37170954    0.054000000     -1.6330794
     0.36805269     0.37649905    0.055000000     -1.6392402
     0.37279348     0.38123086    0.056000000     -1.6452606
     0.37747715     0.38590555    0.057000000     -1.6511454
     0.38210427     0.39052369    0.058000000     -1.6568996
     0.38667539     0.39508584    0.059000000     -1.6625277
     0.39119109     0.39959255    0.060000000     -1.6680340
     0.39565190     0.40404439    0.061000000     -1.6734226
     0.40005838     0.40844189    0.062000000     -1.6786976
     0.40441106     0.41278559    0.063000000     -1.6838626
     0.40871048     0.41707603    0.064000000     -1.6889211
     0.41295717     0.42131375    0.065000000     -1.6938766
     0.41715166     0.42549926    0.066000000     -1.6987323
     0.42129446     0.42963309    0.067000000     -1.7034913
     0.42538609     0.43371574    0.068000000     -1.7081566
     0.42942706     0.43774774    0.069000000     -1.7127309
     0.43341787     0.44172957    0.070000000     -1.7172169
     0.43735903     0.44566175    0.071000000     -1.7216174
     0.44125101     0.44954477    0.072000000     -1.7259346
     0.44509432     0.45337910    0.073000000     -1.7301711
     0.44888944     0.45716525    0.074000000     -1.7343291
     0.45263685     0.46090369    0.075000000     -1.7384107
     0.45633702     0.46459489    0.076000000     -1.7424181
     0.45999043     0.46823932    0.077000000     -1.7463533
     0.46359753     0.47183745    0.078000000     -1.7502182
     0.46715879     0.47538974    0.079000000     -1.7540146
     0.47067467     0.47889665    0.080000000     -1.7577445
     0.47414561     0.48235862    0.081000000     -1.7614095
     0.47757207     0.48577611    0.082000000     -1.7650113
     0.48095448     0.48914955    0.083000000     -1.7685514
     0.48429329     0.49247939    0.084000000     -1.7720314
     0.48758893     0.49576606    0.085000000     -1.7754529
     0.49084182     0.49900998    0.086000000     -1.7788172
     0.49405240     0.50221160    0.087000000     -1.7821257
     0.49722108     0.50537131    0.088000000     -1.7853798
     0.50034829     0.50848955    0.089000000     -1.7885808
     0.50343443     0.51156672    0.090000000     -1.7917299
     0.50647991     0.51460323    0.091000000     -1.7948283
     0.50948514     0.51759950    0.092000000     -1.7978772
     0.51245051     0.52055591    0.093000000     -1.8008778
     0.51537643     0.52347286    0.094000000     -1.8038311
     0.51826329     0.52635075    0.095000000     -1.8067381
     0.52111147     0.52918997    0.096000000     -1.8096000
     0.52392137     0.53199090    0.097000000     -1.8124177
     0.52669335     0.53475392    0.098000000     -1.8151921
     0.52942780     0.53747941    0.099000000     -1.8179243
     0.53212510     0.54016774     0.10000000     -1.8206150
     0.53478561     0.54281928     0.10100000     -1.8232653
     0.53740969     0.54543441     0.10200000     -1.8258758
     0.53999772     0.54801347     0.10300000     -1.8284476
     0.54255004     0.55055683     0.10400000     -1.8309813
     0.54506702     0.55306485     0.10500000     -1.8334778
     0.54754900     0.55553787     0.10600000     -1.8359378
     0.54999634     0.55797625     0.10700000     -1.8383621
     0.55240938     0.56038032     0.10800000     -1.8407513
     0.55478845     0.56275044     0.10900000     -1.8431062
     0.55713391     0.56508693     0.11000000     -1.8454274
     0.55944608     0.56739014     0.11100000     -1.8477157
     0.56172529     0.56966039     0.11200000     -1.8499715
     0.56397187     0.57189801     0.11300000     -1.8521957
     0.56618615     0.57410334     0.11400000     -1.8543887
     0.56836845     0.57627667     0.11500000     -1.8565511
     0.57051909     0.57841835     0.11600000     -1.8586836
     0.57263837     0.58052867     0.11700000     -1.8607867
     0.57472662     0.58260796     0.11800000     -1.8628610
     0.57678414     0.58465653     0.11900000     -1.8649069
     0.57881124     0.58667467     0.12000000     -1.8669250
     0.58080821     0.58866269     0.12100000     -1.8689158
     0.58277537     0.59062089     0.12200000     -1.8708798
     0.58471301     0.59254956     0.12300000     -1.8728175
     0.58662141     0.59444901     0.12400000     -1.8747293
     0.58850088     0.59631952     0.12500000     -1.8766158
     0.59035169     0.59816138     0.12600000     -1.8784773
     0.59217414     0.59997487     0.12700000     -1.8803142
     0.59396851     0.60176028     0.12800000     -1.8821271
     0.59573507     0.60351789     0.12900000     -1.8839163
     0.59747411     0.60524797     0.13000000     -1.8856823
     0.59918589     0.60695080     0.13100000     -1.8874254
     0.60087069     0.60862664     0.13200000     -1.8891460
     0.60252878     0.61027577     0.13300000     -1.8908445
     0.60416042     0.61189846     0.13400000     -1.8925212
     0.60576587     0.61349495     0.13500000     -1.8941766
     0.60734540     0.61506553     0.13600000     -1.8958110
     0.60889926     0.61661044     0.13700000     -1.8974247
     0.61042771     0.61812994     0.13800000     -1.8990181
     0.61193101     0.61962428     0.13900000     -1.9005915
     0.61340939     0.62109371     0.14000000     -1.9021452
     0.61486312     0.62253848     0.14100000     -1.9036795
     0.61629243     0.62395884     0.14200000     -1.9051948
     0.61769757     0.62535503     0.14300000     -1.9066913
     0.61907878     0.62672728     0.14400000     -1.9081694
     0.62043629     0.62807585     0.14500000     -1.9096293
     0.62177035     0.62940095     0.14600000     -1.9110713
     0.62308119     0.63070284     0.14700000     -1.9124958
     0.62436903     0.63198173     0.14800000     -1.9139029
     0.62563411     0.63323785     0.14900000     -1.9152929
     0.62687665     0.63447144     0.15000000     -1.9166662
     0.62809688     0.63568272     0.15100000     -1.9180229
     0.62929501     0.63687190     0.15200000     -1.9193633
     0.63047128     0.63803922     0.15300000     -1.9206877
     0.63162589     0.63918488     0.15400000     -1.9219963
     0.63275906     0.64030910     0.15500000     -1.9232893
     0.63387101     0.64141210     0.15600000     -1.9245669
     0.63496195     0.64249408     0.15700000     -1.9258295
     0.63603207     0.64355526     0.15800000     -1.9270772
     0.63708161     0.64459584     0.15900000     -1.9283102
     0.63811075     0.64561603     0.16000000     -1.9295288
     0.63911970     0.64661603     0.16100000     -1.9307331
     0.64010866     0.64759604     0.16200000     -1.9319234
     0.64107783     0.64855626     0.16300000     -1.9330998
     0.64202740     0.64949689     0.16400000     -1.9342626
     0.64295758     0.65041812     0.16500000     -1.9354120
     0.64386856     0.65132015     0.16600000     -1.9365482
     0.64476052     0.65220316     0.16700000     -1.9376712
     0.64563365     0.65306735     0.16800000     -1.9387814
     0.64648815     0.65391289     0.16900000     -1.9398789
     0.64732419     0.65473999     0.17000000     -1.9409639
     0.64814197     0.65554882     0.17100000     -1.9420366
     0.64894166     0.65633956     0.17200000     -1.9430971
     0.64972344     0.65711240     0.17300000     -1.9441455
     0.65048750     0.65786751     0.17400000     -1.9451822
     0.65123400     0.65860506     0.17500000     -1.9462071
     0.65196313     0.65932524     0.17600000     -1.9472206
     0.65267505     0.66002821     0.17700000     -1.9482227
     0.65336993     0.66071415     0.17800000     -1.9492136
     0.65404796     0.66138323     0.17900000     -1.9501934
     0.65470928     0.66203561     0.18000000     -1.9511623
     0.65535408     0.66267146     0.18100000     -1.9521205
     0.65598251     0.66329094     0.18200000     -1.9530681
     0.65659474     0.66389423     0.18300000     -1.9540052
     0.65719093     0.66448147     0.18400000     -1.9549319
     0.65777123     0.66505283     0.18500000     -1.9558485
     0.65833581     0.66560846     0.18600000     -1.9567550
     0.65888483     0.66614853     0.18700000     -1.9576515
     0.65941843     0.66667319     0.18800000     -1.9585383
     0.65993677     0.66718258     0.18900000     -1.9594154
     0.66044001     0.66767687     0.19000000     -1.9602829
     0.66092828     0.66815620     0.19100000     -1.9611410
     0.66140175     0.66862073     0.19200000     -1.9619898
     0.66186056     0.66907059     0.19300000     -1.9628295
     0.66230486     0.66950594     0.19400000     -1.9636600
     0.66273478     0.66992692     0.19500000     -1.9644816
     0.66315048     0.67033367     0.19600000     -1.9652944
     0.66355209     0.67072634     0.19700000     -1.9660985
     0.66393975     0.67110506     0.19800000     -1.9668939
     0.66431361     0.67146997     0.19900000     -1.9676809
     0.66467380     0.67182121     0.20000000     -1.9684594
     0.66502045     0.67215892     0.20100000     -1.9692296
     0.66535371     0.67248324     0.20200000     -1.9699917
     0.66567370     0.67279428     0.20300000     -1.9707457
     0.66598055     0.67309219     0.20400000     -1.9714917
     0.66627440     0.67337710     0.20500000     -1.9722298
     0.66655538     0.67364914     0.20600000     -1.9729601
     0.66682362     0.67390843     0.20700000     -1.9736827
     0.66707923     0.67415510     0.20800000     -1.9743977
     0.66732235     0.67438928     0.20900000     -1.9751052
     0.66755311     0.67461109     0.21000000     -1.9758053
     0.66777161     0.67482065     0.21100000     -1.9764981
     0.66797800     0.67501809     0.21200000     -1.9771836
     0.66817238     0.67520353     0.21300000     -1.9778620
     0.66835487     0.67537708     0.21400000     -1.9785333
     0.66852560     0.67553887     0.21500000     -1.9791976
     0.66868469     0.67568901     0.21600000     -1.9798551
     0.66883223     0.67582762     0.21700000     -1.9805057
     0.66896837     0.67595481     0.21800000     -1.9811496
     0.66909319     0.67607069     0.21900000     -1.9817869
     0.66920683     0.67617539     0.22000000     -1.9824176
     0.66930938     0.67626900     0.22100000     -1.9830418
     0.66940097     0.67635164     0.22200000     -1.9836595
     0.66948169     0.67642342     0.22300000     -1.9842710
     0.66955167     0.67648445     0.22400000     -1.9848761
     0.66961099     0.67653484     0.22500000     -1.9854751
     0.66965978     0.67657468     0.22600000     -1.9860680
     0.66969813     0.67660409     0.22700000     -1.9866548
     0.66972614     0.67662317     0.22800000     -1.9872356
     0.66974393     0.67663202     0.22900000     -1.9878106
     0.66975160     0.67663074     0.23000000     -1.9883796
     0.66974924     0.67661943     0.23100000     -1.9889429
     0.66973695     0.67659820     0.23200000     -1.9895006
     0.66971483     0.67656715     0.23300000     -1.9900525
     0.66968299     0.67652636     0.23400000     -1.9905989
     0.66964151     0.67647594     0.23500000     -1.9911398
     0.66959049     0.67641598     0.23600000     -1.9916752
     0.66953003     0.67634659     0.23700000     -1.9922052
     0.66946023     0.67626784     0.23800000     -1.9927300
     0.66938117     0.67617984     0.23900000     -1.9932494
     0.66929294     0.67608267     0.24000000     -1.9937636
     0.66919565     0.67597644     0.24100000     -1.9942727
     0.66908937     0.67586122     0.24200000     -1.9947768
     0.66897420     0.67573711     0.24300000     -1.9952757
     0.66885023     0.67560420     0.24400000     -1.9957697
     0.66871754     0.67546257     0.24500000     -1.9962588
     0.66857622     0.67531231     0.24600000     -1.9967430
     0.66842635     0.67515351     0.24700000     -1.9972224
     0.66826803     0.67498624     0.24800000     -1.9976971
     0.66810134     0.67481061     0.24900000     -1.9981670
     0.66792635     0.67462668     0.25000000     -1.9986323
     0.66774316     0.67443455     0.25100000     -1.9990930
     0.66755183     0.67423429     0.25200000     -1.9995492
     0.66735247     0.67402598     0.25300000     -2.0000008
     0.66714513     0.67380970     0.25400000     -2.0004480
     0.66692991     0.67358554     0.25500000     -2.0008908
     0.66670688     0.67335358     0.25600000     -2.0013293
     0.66647612     0.67311388     0.25700000     -2.0017634
     0.66623771     0.67286652     0.25800000     -2.0021933
     0.66599172     0.67261159     0.25900000     -2.0026190
     0.66573823     0.67234916     0.26000000     -2.0030405
     0.66547731     0.67207930     0.26100000     -2.0034579
     0.66520903     0.67180209     0.26200000     -2.0038712
     0.66493348     0.67151760     0.26300000     -2.0042804
     0.66465072     0.67122590     0.26400000     -2.0046857
     0.66436082     0.67092706     0.26500000     -2.0050871
     0.66406385     0.67062116     0.26600000     -2.0054845
     0.66375990     0.67030826     0.26700000     -2.0058781
     0.66344901     0.66998844     0.26800000     -2.0062679
     0.66313127     0.66966176     0.26900000     -2.0066539
     0.66280675     0.66932829     0.27000000     -2.0070361
     0.66247550     0.66898811     0.27100000     -2.0074147
     0.66213759     0.66864127     0.27200000     -2.0077896
     0.66179310     0.66828784     0.27300000     -2.0081608
     0.66144209     0.66792789     0.27400000     -2.0085285
     0.66108462     0.66756148     0.27500000     -2.0088927
     0.66072076     0.66718868     0.27600000     -2.0092533
     0.66035057     0.66680955     0.27700000     -2.0096105
     0.65997411     0.66642416     0.27800000     -2.0099642
     0.65959145     0.66603256     0.27900000     -2.0103146
     0.65920265     0.66563482     0.28000000     -2.0106616
     0.65880776     0.66523099     0.28100000     -2.0110052
     0.65840686     0.66482115     0.28200000     -2.0113456
     0.65799999     0.66440535     0.28300000     -2.0116827
     0.65758723     0.66398364     0.28400000     -2.0120166
     0.65716862     0.66355610     0.28500000     -2.0123474
     0.65674422     0.66312277     0.28600000     -2.0126749
     0.65631410     0.66268371     0.28700000     -2.0129993
     0.65587831     0.66223898     0.28800000     -2.0133207
     0.65543691     0.66178864     0.28900000     -2.0136390
     0.65498995     0.66133274     0.29000000     -2.0139542
     0.65453748     0.66087133     0.29100000     -2.0142665
     0.65407957     0.66040449     0.29200000     -2.0145758
     0.65361626     0.65993224     0.29300000     -2.0148822
     0.65314762     0.65945466     0.29400000     -2.0151857
     0.65267369     0.65897179     0.29500000     -2.0154863
     0.65219452     0.65848369     0.29600000     -2.0157840
     0.65171017     0.65799040     0.29700000     -2.0160790
     0.65122070     0.65749199     0.29800000     -2.0163711
     0.65072614     0.65698849     0.29900000     -2.0166605
     0.65022655     0.65647997     0.30000000     -2.0169472
     0.64972199     0.65596647     0.30100000     -2.0172312
     0.64921249     0.65544804     0.30200000     -2.0175125
     0.64869812     0.65492473     0.30300000     -2.0177911
     0.64817891     0.65439658     0.30400000     -2.0180672
     0.64765492     0.65386366     0.30500000     -2.0183406
     0.64712620     0.65332599     0.30600000     -2.0186115
     0.64659278     0.65278364     0.30700000     -2.0188798
     0.64605473     0.65223665     0.30800000     -2.0191457
     0.64551207     0.65168506     0.30900000     -2.0194090
     0.64496487     0.65112892     0.31000000     -2.0196699
     0.64441316     0.65056828     0.31100000     -2.0199283
     0.64385700     0.65000317     0.31200000     -2.0201843
     0.64329641     0.64943365     0.31300000     -2.0204380
     0.64273146     0.64885976     0.31400000     -2.0206892
     0.64216217     0.64828154     0.31500000     -2.0209382
     0.64158861     0.64769904     0.31600000     -2.0211848
     0.64101079     0.64711229     0.31700000     -2.0214291
     0.64042878     0.64652134     0.31800000     -2.0216711
     0.63984261     0.64592623     0.31900000     -2.0219109
     0.63925232     0.64532701     0.32000000     -2.0221485
     0.63865796     0.64472371     0.32100000     -2.0223838
     0.63805956     0.64411637     0.32200000     -2.0226170
     0.63745717     0.64350504     0.32300000     -2.0228480
     0.63685081     0.64288976     0.32400000     -2.0230769
     0.63624055     0.64227055     0.32500000     -2.0233037
     0.63562640     0.64164747     0.32600000     -2.0235283
     0.63500842     0.64102055     0.32700000     -2.0237509
     0.63438663     0.64038983     0.32800000     -2.0239714
     0.63376109     0.63975535     0.32900000     -2.0241899
     0.63313181     0.63911714     0.33000000     -2.0244064
     0.63249885     0.63847524     0.33100000     -2.0246209
     0.63186224     0.63782969     0.33200000     -2.0248334
     0.63122201     0.63718053     0.33300000     -2.0250439
     0.63057821     0.63652779     0.33400000     -2.0252525
     0.62993085     0.63587150     0.33500000     -2.0254592
     0.62928000     0.63521171     0.33600000     -2.0256640
     0.62862566     0.63454844     0.33700000     -2.0258669
     0.62796789     0.63388173     0.33800000     -2.0260680
     0.62730671     0.63321162     0.33900000     -2.0262672
     0.62664217     0.63253813     0.34000000     -2.0264645
     0.62597428     0.63186131     0.34100000     -2.0266601
     0.62530309     0.63118119     0.34200000     -2.0268539
     0.62462863     0.63049779     0.34300000     -2.0270459
     0.62395093     0.62981116     0.34400000     -2.0272362
     0.62327003     0.62912132     0.34500000     -2.0274247
     0.62258595     0.62842830     0.34600000     -2.0276115
     0.62189872     0.62773214     0.34700000     -2.0277965
     0.62120839     0.62703287     0.34800000     -2.0279799
     0.62051497     0.62633052     0.34900000     -2.0281617
     0.61981851     0.62562512     0.35000000     -2.0283417
     0.61911902     0.62491670     0.35100000     -2.0285201
     0.61841655     0.62420529     0.35200000     -2.0286969
     0.61771111     0.62349092     0.35300000     -2.0288721
     0.61700274     0.62277362     0.35400000     -2.0290457
     0.61629148     0.62205341     0.35500000     -2.0292178
     0.61557734     0.62133034     0.35600000     -2.0293882
     0.61486035     0.62060442     0.35700000     -2.0295571
     0.61414055     0.61987568     0.35800000     -2.0297245
     0.61341797     0.61914416     0.35900000     -2.0298904
     0.61269262     0.61840988     0.36000000     -2.0300547
     0.61196454     0.61767287     0.36100000     -2.0302176
     0.61123376     0.61693315     0.36200000     -2.0303790
     0.61050030     0.61619075     0.36300000     -2.0305389
     0.60976418     0.61544570     0.36400000     -2.0306974
     0.60902544     0.61469803     0.36500000     -2.0308545
     0.60828410     0.61394775     0.36600000     -2.0310101
     0.60754019     0.61319491     0.36700000     -2.0311644
     0.60679373     0.61243951     0.36800000     -2.0313172
     0.60604475     0.61168159     0.36900000     -2.0314687
     0.60529327     0.61092118     0.37000000     -2.0316188
     0.60453932     0.61015829     0.37100000     -2.0317675
     0.60378292     0.60939296     0.37200000     -2.0319149
     0.60302410     0.60862520     0.37300000     -2.0320610
     0.60226288     0.60785505     0.37400000     -2.0322057
     0.60149928     0.60708251     0.37500000     -2.0323492
     0.60073333     0.60630763     0.37600000     -2.0324914
     0.59996505     0.60553042     0.37700000     -2.0326323
     0.59919447     0.60475090     0.37800000     -2.0327719
     0.59842160     0.60396910     0.37900000     -2.0329103
     0.59764648     0.60318504     0.38000000     -2.0330474
     0.59686912     0.60239874     0.38100000     -2.0331833
     0.59608954     0.60161023     0.38200000     -2.0333180
     0.59530777     0.60081953     0.38300000     -2.0334515
     0.59452383     0.60002665     0.38400000     -2.0335838
     0.59373774     0.59923163     0.38500000     -2.0337149
     0.59294952     0.59843448     0.38600000     -2.0338448
     0.59215920     0.59763522     0.38700000     -2.0339736
     0.59136679     0.59683387     0.38800000     -2.0341012
     0.59057231     0.59603046     0.38900000     -2.0342277
     0.58977579     0.59522501     0.39000000     -2.0343530
     0.58897725     0.59441753     0.39100000     -2.0344773
     0.58817670     0.59360805     0.39200000     -2.0346004
     0.58737417     0.59279658     0.39300000     -2.0347224
     0.58656967     0.59198315     0.39400000     -2.0348433
     0.58576323     0.59116777     0.39500000     -2.0349632
     0.58495486     0.59035047     0.39600000     -2.0350820
     0.58414459     0.58953126     0.39700000     -2.0351997
     0.58333243     0.58871017     0.39800000     -2.0353164
     0.58251840     0.58788720     0.39900000     -2.0354321
     0.58170252     0.58706239     0.40000000     -2.0355467
     0.58088481     0.58623575     0.40100000     -2.0356603
     0.58006529     0.58540729     0.40200000     -2.0357729
     0.57924397     0.58457703     0.40300000     -2.0358845
     0.57842087     0.58374500     0.40400000     -2.0359951
     0.57759601     0.58291121     0.40500000     -2.0361047
     0.57676941     0.58207568     0.40600000     -2.0362134
     0.57594109     0.58123842     0.40700000     -2.0363211
     0.57511106     0.58039945     0.40800000     -2.0364278
     0.57427934     0.57955880     0.40900000     -2.0365336
     0.57344594     0.57871647     0.41000000     -2.0366384
     0.57261088     0.57787248     0.41100000     -2.0367424
     0.57177419     0.57702685     0.41200000     -2.0368454
     0.57093587     0.57617960     0.41300000     -2.0369475
     0.57009594     0.57533073     0.41400000     -2.0370487
     0.56925442     0.57448028     0.41500000     -2.0371490
     0.56841133     0.57362825     0.41600000     -2.0372484
     0.56756667     0.57277466     0.41700000     -2.0373470
     0.56672047     0.57191952     0.41800000     -2.0374446
     0.56587274     0.57106286     0.41900000     -2.0375414
     0.56502349     0.57020468     0.42000000     -2.0376374
     0.56417275     0.56934500     0.42100000     -2.0377325
     0.56332051     0.56848383     0.42200000     -2.0378268
     0.56246681     0.56762120     0.42300000     -2.0379202
     0.56161166     0.56675711     0.42400000     -2.0380129
     0.56075506     0.56589158     0.42500000     -2.0381047
     0.55989704     0.56502462     0.42600000     -2.0381957
     0.55903760     0.56415625     0.42700000     -2.0382859
     0.55817677     0.56328648     0.42800000     -2.0383753
     0.55731455     0.56241533     0.42900000     -2.0384639
     0.55645096     0.56154281     0.43000000     -2.0385518
     0.55558602     0.56066893     0.43100000     -2.0386388
     0.55471973     0.55979371     0.43200000     -2.0387252
     0.55385211     0.55891715     0.43300000     -2.0388107
     0.55298318     0.55803928     0.43400000     -2.0388955
     0.55211294     0.55716011     0.43500000     -2.0389796
     0.55124141     0.55627965     0.43600000     -2.0390629
     0.55036860     0.55539791     0.43700000     -2.0391455
     0.54949453     0.55451490     0.43800000     -2.0392274
     0.54861920     0.55363064     0.43900000     -2.0393085
     0.54774264     0.55274514     0.44000000     -2.0393890
     0.54686484     0.55185841     0.44100000     -2.0394687
     0.54598583     0.55097047     0.44200000     -2.0395478
     0.54510562     0.55008133     0.44300000     -2.0396262
     0.54422422     0.54919099     0.44400000     -2.0397038
     0.54334164     0.54829947     0.44500000     -2.0397808
     0.54245789     0.54740679     0.44600000     -2.0398572
     0.54157298     0.54651295     0.44700000     -2.0399328
     0.54068693     0.54561796     0.44800000     -2.0400078
     0.53979974     0.54472184     0.44900000     -2.0400822
     0.53891143     0.54382460     0.45000000     -2.0401559
     0.53802202     0.54292625     0.45100000     -2.0402289
     0.53713150     0.54202680     0.45200000     -2.0403014
     0.53623989     0.54112626     0.45300000     -2.0403732
     0.53534721     0.54022464     0.45400000     -2.0404443
     0.53445345     0.53932195     0.45500000     -2.0405149
     0.53355864     0.53841821     0.45600000     -2.0405848
     0.53266279     0.53751342     0.45700000     -2.0406542
     0.53176590     0.53660759     0.45800000     -2.0407229
     0.53086798     0.53570074     0.45900000     -2.0407910
     0.52996905     0.53479288     0.46000000     -2.0408586
     0.52906911     0.53388401     0.46100000     -2.0409255
     0.52816818     0.53297414     0.46200000     -2.0409919
     0.52726626     0.53206329     0.46300000     -2.0410577
     0.52636337     0.53115146     0.46400000     -2.0411229
     0.52545951     0.53023867     0.46500000     -2.0411876
     0.52455469     0.52932492     0.46600000     -2.0412517
     0.52364893     0.52841023     0.46700000     -2.0413153
     0.52274223     0.52749459     0.46800000     -2.0413783
     0.52183461     0.52657803     0.46900000     -2.0414407
     0.52092606     0.52566055     0.47000000     -2.0415026
     0.52001661     0.52474216     0.47100000     -2.0415640
     0.51910625     0.52382288     0.47200000     -2.0416249
     0.51819500     0.52290270     0.47300000     -2.0416852
     0.51728287     0.52198163     0.47400000     -2.0417450
     0.51636987     0.52105969     0.47500000     -2.0418043
     0.51545600     0.52013689     0.47600000     -2.0418631
     0.51454128     0.51921323     0.47700000     -2.0419213
     0.51362570     0.51828873     0.47800000     -2.0419791
     0.51270929     0.51736338     0.47900000     -2.0420364
     0.51179204     0.51643720     0.48000000     -2.0420931
     0.51087398     0.51551020     0.48100000     -2.0421494
     0.50995510     0.51458239     0.48200000     -2.0422052
     0.50903541     0.51365376     0.48300000     -2.0422606
     0.50811492     0.51272434     0.48400000     -2.0423154
     0.50719364     0.51179413     0.48500000     -2.0423698
     0.50627158     0.51086314     0.48600000     -2.0424237
     0.50534874     0.50993137     0.48700000     -2.0424771
     0.50442514     0.50899883     0.48800000     -2.0425301
     0.50350078     0.50806553     0.48900000     -2.0425826
     0.50257566     0.50713148     0.49000000     -2.0426347
     0.50164980     0.50619669     0.49100000     -2.0426864
     0.50072321     0.50526116     0.49200000     -2.0427376
     0.49979588     0.50432490     0.49300000     -2.0427883
     0.49886783     0.50338792     0.49400000     -2.0428386
     0.49793906     0.50245022     0.49500000     -2.0428885
     0.49700959     0.50151181     0.49600000     -2.0429380
     0.49607942     0.50057270     0.49700000     -2.0429870
     0.49514855     0.49963290     0.49800000     -2.0430356
     0.49421699     0.49869241     0.49900000     -2.0430838
     0.49328475     0.49775124     0.50000000     -2.0431316
     0.49235184     0.49680940     0.50100000     -2.0431790
     0.49141826     0.49586688     0.50200000     -2.0432259
     0.49048403     0.49492371     0.50300000     -2.0432725
     0.48954913     0.49397989     0.50400000     -2.0433187
     0.48861359     0.49303541     0.50500000     -2.0433645
     0.48767741     0.49209030     0.50600000     -2.0434099
     0.48674060     0.49114455     0.50700000     -2.0434549
     0.48580315     0.49019817     0.50800000     -2.0434995
     0.48486509     0.48925118     0.50900000     -2.0435437
     0.48392641     0.48830356     0.51000000     -2.0435876
     0.48298712     0.48735534     0.51100000     -2.0436311
     0.48204722     0.48640651     0.51200000     -2.0436742
     0.48110673     0.48545708     0.51300000     -2.0437169
     0.48016565     0.48450707     0.51400000     -2.0437593
     0.47922398     0.48355646     0.51500000     -2.0438013
     0.47828173     0.48260528     0.51600000     -2.0438430
     0.47733890     0.48165352     0.51700000     -2.0438843
     0.47639551     0.48070120     0.51800000     -2.0439253
     0.47545156     0.47974831     0.51900000     -2.0439659
     0.47450704     0.47879486     0.52000000     -2.0440061
     0.47356198     0.47784087     0.52100000     -2.0440461
     0.47261637     0.47688632     0.52200000     -2.0440856
     0.47167022     0.47593124     0.52300000     -2.0441249
     0.47072353     0.47497562     0.52400000     -2.0441638
     0.46977632     0.47401947     0.52500000     -2.0442024
     0.46882858     0.47306280     0.52600000     -2.0442407
     0.46788032     0.47210560     0.52700000     -2.0442786
     0.46693154     0.47114789     0.52800000     -2.0443162
     0.46598226     0.47018968     0.52900000     -2.0443535
     0.46503247     0.46923095     0.53000000     -2.0443905
     0.46408218     0.46827173     0.53100000     -2.0444271
     0.46313140     0.46731202     0.53200000     -2.0444635
     0.46218013     0.46635182     0.53300000     -2.0444996
     0.46122837     0.46539113     0.53400000     -2.0445353
     0.46027614     0.46442996     0.53500000     -2.0445707
     0.45932343     0.46346832     0.53600000     -2.0446059
     0.45837025     0.46250620     0.53700000     -2.0446407
     0.45741660     0.46154362     0.53800000     -2.0446753
     0.45646250     0.46058058     0.53900000     -2.0447095
     0.45550794     0.45961709     0.54000000     -2.0447435
     0.45455292     0.45865314     0.54100000     -2.0447772
     0.45359746     0.45768875     0.54200000     -2.0448106
     0.45264156     0.45672391     0.54300000     -2.0448437
     0.45168521     0.45575864     0.54400000     -2.0448765
     0.45072844     0.45479293     0.54500000     -2.0449091
     0.44977123     0.45382679     0.54600000     -2.0449414
     0.44881360     0.45286022     0.54700000     -2.0449734
     0.44785555     0.45189324     0.54800000     -2.0450052
     0.44689708     0.45092584     0.54900000     -2.0450366
     0.44593820     0.44995802     0.55000000     -2.0450679
     0.44497891     0.44898980     0.55100000     -2.0450988
     0.44401921     0.44802117     0.55200000     -2.0451295
     0.44305912     0.44705214     0.55300000     -2.0451599
     0.44209862     0.44608271     0.55400000     -2.0451901
     0.44113774     0.44511290     0.55500000     -2.0452200
     0.44017647     0.44414269     0.55600000     -2.0452497
     0.43921481     0.44317210     0.55700000     -2.0452791
     0.43825277     0.44220112     0.55800000     -2.0453083
     0.43729035     0.44122977     0.55900000     -2.0453372
     0.43632756     0.44025805     0.56000000     -2.0453659
     0.43536440     0.43928596     0.56100000     -2.0453944
     0.43440087     0.43831350     0.56200000     -2.0454226
     0.43343698     0.43734068     0.56300000     -2.0454506
     0.43247274     0.43636749     0.56400000     -2.0454783
     0.43150813     0.43539396     0.56500000     -2.0455058
     0.43054318     0.43442007     0.56600000     -2.0455331
     0.42957788     0.43344583     0.56700000     -2.0455602
     0.42861223     0.43247125     0.56800000     -2.0455870
     0.42764624     0.43149633     0.56900000     -2.0456136
     0.42667991     0.43052107     0.57000000     -2.0456400
     0.42571325     0.42954548     0.57100000     -2.0456661
     0.42474626     0.42856955     0.57200000     -2.0456921
     0.42377894     0.42759330     0.57300000     -2.0457178
     0.42281129     0.42661672     0.57400000     -2.0457433
     0.42184332     0.42563982     0.57500000     -2.0457686
     0.42087504     0.42466260     0.57600000     -2.0457937
     0.41990644     0.42368506     0.57700000     -2.0458186
     0.41893753     0.42270722     0.57800000     -2.0458432
     0.41796830     0.42172906     0.57900000     -2.0458677
     0.41699878     0.42075060     0.58000000     -2.0458919
     0.41602895     0.41977184     0.58100000     -2.0459160
     0.41505882     0.41879278     0.58200000     -2.0459399
     0.41408839     0.41781342     0.58300000     -2.0459635
     0.41311767     0.41683377     0.58400000     -2.0459870
     0.41214666     0.41585382     0.58500000     -2.0460102
     0.41117536     0.41487359     0.58600000     -2.0460333
     0.41020378     0.41389307     0.58700000     -2.0460562
     0.40923191     0.41291227     0.58800000     -2.0460789
     0.40825976     0.41193119     0.58900000     -2.0461014
     0.40728734     0.41094984     0.59000000     -2.0461237
     0.40631464     0.40996821     0.59100000     -2.0461459
     0.40534168     0.40898631     0.59200000     -2.0461678
     0.40436844     0.40800414     0.59300000     -2.0461896
     0.40339494     0.40702170     0.59400000     -2.0462112
     0.40242117     0.40603900     0.59500000     -2.0462326
     0.40144715     0.40505604     0.59600000     -2.0462538
     0.40047286     0.40407283     0.59700000     -2.0462749
     0.39949832     0.40308935     0.59800000     -2.0462957
     0.39852353     0.40210563     0.59900000     -2.0463164
     0.39754849     0.40112165     0.60000000     -2.0463370
     0.39657320     0.40013743     0.60100000     -2.0463573
     0.39559766     0.39915296     0.60200000     -2.0463775
     0.39462188     0.39816825     0.60300000     -2.0463976
     0.39364586     0.39718330     0.60400000     -2.0464174
     0.39266960     0.39619811     0.60500000     -2.0464371
     0.39169311     0.39521268     0.60600000     -2.0464567
     0.39071638     0.39422702     0.60700000     -2.0464761
     0.38973943     0.39324113     0.60800000     -2.0464953
     0.38876224     0.39225501     0.60900000     -2.0465143
     0.38778483     0.39126866     0.61000000     -2.0465333
     0.38680719     0.39028209     0.61100000     -2.0465520
     0.38582933     0.38929530     0.61200000     -2.0465706
     0.38485125     0.38830828     0.61300000     -2.0465890
     0.38387295     0.38732105     0.61400000     -2.0466073
     0.38289444     0.38633361     0.61500000     -2.0466255
     0.38191571     0.38534595     0.61600000     -2.0466435
     0.38093678     0.38435808     0.61700000     -2.0466613
     0.37995763     0.38337000     0.61800000     -2.0466790
     0.37897828     0.38238171     0.61900000     -2.0466965
     0.37799872     0.38139322     0.62000000     -2.0467139
     0.37701896     0.38040453     0.62100000     -2.0467312
     0.37603899     0.37941563     0.62200000     -2.0467483
     0.37505883     0.37842654     0.62300000     -2.0467653
     0.37407847     0.37743725     0.62400000     -2.0467821
     0.37309792     0.37644776     0.62500000     -2.0467989
     0.37211717     0.37545808     0.62600000     -2.0468154
     0.37113624     0.37446821     0.62700000     -2.0468319
     0.37015511     0.37347815     0.62800000     -2.0468481
     0.36917380     0.37248790     0.62900000     -2.0468643
     0.36819230     0.37149747     0.63000000     -2.0468803
     0.36721061     0.37050686     0.63100000     -2.0468962
     0.36622875     0.36951606     0.63200000     -2.0469120
     0.36524670     0.36852508     0.63300000     -2.0469277
     0.36426448     0.36753392     0.63400000     -2.0469432
     0.36328208     0.36654259     0.63500000     -2.0469586
     0.36229951     0.36555108     0.63600000     -2.0469738
     0.36131676     0.36455940     0.63700000     -2.0469890
     0.36033384     0.36356755     0.63800000     -2.0470040
     0.35935075     0.36257553     0.63900000     -2.0470189
     0.35836750     0.36158334     0.64000000     -2.0470336
     0.35738408     0.36059099     0.64100000     -2.0470483
     0.35640049     0.35959847     0.64200000     -2.0470628
     0.35541674     0.35860579     0.64300000     -2.0470772
     0.35443283     0.35761294     0.64400000     -2.0470915
     0.35344876     0.35661994     0.64500000     -2.0471057
     0.35246453     0.35562678     0.64600000     -2.0471197
     0.35148015     0.35463346     0.64700000     -2.0471337
     0.35049561     0.35363999     0.64800000     -2.0471475
     0.34951092     0.35264636     0.64900000     -2.0471613
     0.34852607     0.35165258     0.65000000     -2.0471749
     0.34754108     0.35065866     0.65100000     -2.0471884
     0.34655593     0.34966458     0.65200000     -2.0472018
     0.34557064     0.34867036     0.65300000     -2.0472150
     0.34458520     0.34767599     0.65400000     -2.0472282
     0.34359962     0.34668147     0.65500000     -2.0472413
     0.34261390     0.34568681     0.65600000     -2.0472542
     0.34162803     0.34469201     0.65700000     -2.0472671
     0.34064202     0.34369707     0.65800000     -2.0472799
     0.33965588     0.34270200     0.65900000     -2.0472925
     0.33866960     0.34170678     0.66000000     -2.0473051
     0.33768318     0.34071143     0.66100000     -2.0473175
     0.33669662     0.33971594     0.66200000     -2.0473298
     0.33570994     0.33872032     0.66300000     -2.0473421
     0.33472312     0.33772457     0.66400000     -2.0473542
     0.33373617     0.33672869     0.66500000     -2.0473663
     0.33274909     0.33573268     0.66600000     -2.0473782
     0.33176188     0.33473654     0.66700000     -2.0473901
     0.33077455     0.33374027     0.66800000     -2.0474019
     0.32978709     0.33274388     0.66900000     -2.0474135
     0.32879951     0.33174736     0.67000000     -2.0474251
     0.32781180     0.33075072     0.67100000     -2.0474366
     0.32682397     0.32975396     0.67200000     -2.0474480
     0.32583602     0.32875708     0.67300000     -2.0474592
     0.32484795     0.32776008     0.67400000     -2.0474704
     0.32385977     0.32676296     0.67500000     -2.0474816
     0.32287146     0.32576572     0.67600000     -2.0474926
     0.32188304     0.32476837     0.67700000     -2.0475035
     0.32089451     0.32377090     0.67800000     -2.0475144
     0.31990586     0.32277332     0.67900000     -2.0475251
     0.31891710     0.32177562     0.68000000     -2.0475358
     0.31792822     0.32077782     0.68100000     -2.0475464
     0.31693924     0.31977990     0.68200000     -2.0475569
     0.31595015     0.31878188     0.68300000     -2.0475673
     0.31496095     0.31778374     0.68400000     -2.0475776
     0.31397164     0.31678550     0.68500000     -2.0475879
     0.31298223     0.31578716     0.68600000     -2.0475981
     0.31199271     0.31478871     0.68700000     -2.0476082
     0.31100309     0.31379015     0.68800000     -2.0476182
     0.31001337     0.31279150     0.68900000     -2.0476281
     0.30902354     0.31179274     0.69000000     -2.0476379
     0.30803361     0.31079388     0.69100000     -2.0476477
     0.30704359     0.30979492     0.69200000     -2.0476574
     0.30605346     0.30879586     0.69300000     -2.0476670
     0.30506324     0.30779670     0.69400000     -2.0476766
     0.30407292     0.30679745     0.69500000     -2.0476860
     0.30308250     0.30579810     0.69600000     -2.0476954
     0.30209199     0.30479866     0.69700000     -2.0477047
     0.30110139     0.30379912     0.69800000     -2.0477140
     0.30011069     0.30279949     0.69900000     -2.0477231
     0.29911990     0.30179976     0.70000000     -2.0477322
     0.29812902     0.30079995     0.70100000     -2.0477412
     0.29713805     0.29980005     0.70200000     -2.0477502
     0.29614698     0.29880005     0.70300000     -2.0477590
     0.29515583     0.29779997     0.70400000     -2.0477679
     0.29416460     0.29679980     0.70500000     -2.0477766
     0.29317327     0.29579954     0.70600000     -2.0477853
     0.29218186     0.29479920     0.70700000     -2.0477939
     0.29119037     0.29379877     0.70800000     -2.0478024
     0.29019879     0.29279826     0.70900000     -2.0478108
     0.28920713     0.29179767     0.71000000     -2.0478192
     0.28821538     0.29079699     0.71100000     -2.0478276
     0.28722356     0.28979623     0.71200000     -2.0478358
     0.28623165     0.28879539     0.71300000     -2.0478440
     0.28523966     0.28779447     0.71400000     -2.0478522
     0.28424760     0.28679347     0.71500000     -2.0478602
     0.28325545     0.28579239     0.71600000     -2.0478682
     0.28226323     0.28479124     0.71700000     -2.0478762
     0.28127093     0.28379000     0.71800000     -2.0478840
     0.28027855     0.28278869     0.71900000     -2.0478919
     0.27928610     0.28178731     0.72000000     -2.0478996
     0.27829358     0.28078585     0.72100000     -2.0479073
     0.27730098     0.27978432     0.72200000     -2.0479149
     0.27630830     0.27878271     0.72300000     -2.0479225
     0.27531556     0.27778103     0.72400000     -2.0479300
     0.27432274     0.27677928     0.72500000     -2.0479375
     0.27332985     0.27577746     0.72600000     -2.0479449
     0.27233689     0.27477557     0.72700000     -2.0479522
     0.27134387     0.27377361     0.72800000     -2.0479595
     0.27035077     0.27277158     0.72900000     -2.0479667
     0.26935760     0.27176948     0.73000000     -2.0479739
     0.26836437     0.27076732     0.73100000     -2.0479810
     0.26737107     0.26976508     0.73200000     -2.0479880
     0.26637770     0.26876278     0.73300000     -2.0479950
     0.26538427     0.26776042     0.73400000     -2.0480020
     0.26439078     0.26675799     0.73500000     -2.0480088
     0.26339722     0.26575550     0.73600000     -2.0480157
     0.26240359     0.26475294     0.73700000     -2.0480225
     0.26140990     0.26375032     0.73800000     -2.0480292
     0.26041615     0.26274764     0.73900000     -2.0480359
     0.25942234     0.26174489     0.74000000     -2.0480425
     0.25842847     0.26074209     0.74100000     -2.0480490
     0.25743454     0.25973922     0.74200000     -2.0480556
     0.25644054     0.25873629     0.74300000     -2.0480620
     0.25544649     0.25773331     0.74400000     -2.0480684
     0.25445238     0.25673027     0.74500000     -2.0480748
     0.25345821     0.25572716     0.74600000     -2.0480811
     0.25246399     0.25472400     0.74700000     -2.0480874
     0.25146970     0.25372079     0.74800000     -2.0480936
     0.25047536     0.25271751     0.74900000     -2.0480998
     0.24948097     0.25171419     0.75000000     -2.0481059
     0.24848651     0.25071080     0.75100000     -2.0481120
     0.24749201     0.24970736     0.75200000     -2.0481180
     0.24649745     0.24870387     0.75300000     -2.0481240
     0.24550283     0.24770032     0.75400000     -2.0481299
     0.24450817     0.24669672     0.75500000     -2.0481358
     0.24351345     0.24569307     0.75600000     -2.0481417
     0.24251868     0.24468936     0.75700000     -2.0481475
     0.24152385     0.24368561     0.75800000     -2.0481532
     0.24052898     0.24268180     0.75900000     -2.0481589
     0.23953405     0.24167794     0.76000000     -2.0481646
     0.23853908     0.24067404     0.76100000     -2.0481702
     0.23754405     0.23967008     0.76200000     -2.0481758
     0.23654898     0.23866607     0.76300000     -2.0481813
     0.23555386     0.23766202     0.76400000     -2.0481868
     0.23455869     0.23665791     0.76500000     -2.0481922
     0.23356347     0.23565376     0.76600000     -2.0481977
     0.23256820     0.23464956     0.76700000     -2.0482030
     0.23157289     0.23364532     0.76800000     -2.0482083
     0.23057753     0.23264103     0.76900000     -2.0482136
     0.22958213     0.23163669     0.77000000     -2.0482189
     0.22858668     0.23063231     0.77100000     -2.0482241
     0.22759119     0.22962788     0.77200000     -2.0482292
     0.22659565     0.22862341     0.77300000     -2.0482343
     0.22560007     0.22761890     0.77400000     -2.0482394
     0.22460444     0.22661434     0.77500000     -2.0482445
     0.22360877     0.22560974     0.77600000     -2.0482495
     0.22261306     0.22460509     0.77700000     -2.0482544
     0.22161731     0.22360041     0.77800000     -2.0482594
     0.22062151     0.22259568     0.77900000     -2.0482642
     0.21962568     0.22159091     0.78000000     -2.0482691
     0.21862980     0.22058610     0.78100000     -2.0482739
     0.21763388     0.21958125     0.78200000     -2.0482787
     0.21663792     0.21857636     0.78300000     -2.0482834
     0.21564192     0.21757143     0.78400000     -2.0482881
     0.21464589     0.21656646     0.78500000     -2.0482928
     0.21364981     0.21556145     0.78600000     -2.0482974
     0.21265370     0.21455640     0.78700000     -2.0483020
     0.21165754     0.21355131     0.78800000     -2.0483066
     0.21066135     0.21254619     0.78900000     -2.0483111
     0.20966512     0.21154103     0.79000000     -2.0483156
     0.20866886     0.21053583     0.79100000     -2.0483201
     0.20767255     0.20953059     0.79200000     -2.0483245
     0.20667622     0.20852532     0.79300000     -2.0483289
     0.20567984     0.20752001     0.79400000     -2.0483332
     0.20468343     0.20651467     0.79500000     -2.0483375
     0.20368699     0.20550929     0.79600000     -2.0483418
     0.20269050     0.20450388     0.79700000     -2.0483461
     0.20169399     0.20349843     0.79800000     -2.0483503
     0.20069744     0.20249295     0.79900000     -2.0483545
     0.19970086     0.20148743     0.80000000     -2.0483587
     0.19870424     0.20048188     0.80100000     -2.0483628
     0.19770759     0.19947630     0.80200000     -2.0483669
     0.19671091     0.19847068     0.80300000     -2.0483710
     0.19571419     0.19746504     0.80400000     -2.0483750
     0.19471745     0.19645936     0.80500000     -2.0483790
     0.19372067     0.19545364     0.80600000     -2.0483830
     0.19272385     0.19444790     0.80700000     -2.0483869
     0.19172701     0.19344212     0.80800000     -2.0483908
     0.19073014     0.19243632     0.80900000     -2.0483947
     0.18973323     0.19143048     0.81000000     -2.0483986
     0.18873630     0.19042461     0.81100000     -2.0484024
     0.18773934     0.18941872     0.81200000     -2.0484062
     0.18674234     0.18841279     0.81300000     -2.0484100
     0.18574532     0.18740683     0.81400000     -2.0484137
     0.18474827     0.18640085     0.81500000     -2.0484174
     0.18375118     0.18539483     0.81600000     -2.0484211
     0.18275407     0.18438879     0.81700000     -2.0484248
     0.18175694     0.18338272     0.81800000     -2.0484284
     0.18075977     0.18237662     0.81900000     -2.0484320
     0.17976257     0.18137049     0.82000000     -2.0484356
     0.17876535     0.18036434     0.82100000     -2.0484391
     0.17776810     0.17935816     0.82200000     -2.0484427
     0.17677083     0.17835195     0.82300000     -2.0484462
     0.17577353     0.17734571     0.82400000     -2.0484496
     0.17477620     0.17633945     0.82500000     -2.0484531
     0.17377884     0.17533316     0.82600000     -2.0484565
     0.17278146     0.17432685     0.82700000     -2.0484599
     0.17178405     0.17332051     0.82800000     -2.0484632
     0.17078662     0.17231414     0.82900000     -2.0484666
     0.16978917     0.17130775     0.83000000     -2.0484699
     0.16879168     0.17030134     0.83100000     -2.0484732
     0.16779418     0.16929490     0.83200000     -2.0484765
     0.16679665     0.16828844     0.83300000     -2.0484797
     0.16579909     0.16728195     0.83400000     -2.0484829
     0.16480151     0.16627544     0.83500000     -2.0484861
     0.16380391     0.16526890     0.83600000     -2.0484893
     0.16280628     0.16426234     0.83700000     -2.0484924
     0.16180864     0.16325576     0.83800000     -2.0484955
     0.16081096     0.16224916     0.83900000     -2.0484986
     0.15981327     0.16124253     0.84000000     -2.0485017
     0.15881555     0.16023588     0.84100000     -2.0485048
     0.15781781     0.15922921     0.84200000     -2.0485078
     0.15682005     0.15822251     0.84300000     -2.0485108
     0.15582227     0.15721580     0.84400000     -2.0485138
     0.15482446     0.15620906     0.84500000     -2.0485168
     0.15382664     0.15520230     0.84600000     -2.0485197
     0.15282879     0.15419552     0.84700000     -2.0485226
     0.15183092     0.15318872     0.84800000     -2.0485255
     0.15083303     0.15218189     0.84900000     -2.0485284
     0.14983512     0.15117505     0.85000000     -2.0485313
     0.14883719     0.15016819     0.85100000     -2.0485341
     0.14783924     0.14916131     0.85200000     -2.0485369
     0.14684127     0.14815440     0.85300000     -2.0485397
     0.14584328     0.14714748     0.85400000     -2.0485425
     0.14484527     0.14614054     0.85500000     -2.0485452
     0.14384724     0.14513358     0.85600000     -2.0485480
     0.14284920     0.14412660     0.85700000     -2.0485507
     0.14185113     0.14311960     0.85800000     -2.0485534
     0.14085304     0.14211258     0.85900000     -2.0485560
     0.13985494     0.14110554     0.86000000     -2.0485587
     0.13885682     0.14009848     0.86100000     -2.0485613
     0.13785867     0.13909141     0.86200000     -2.0485639
     0.13686052     0.13808432     0.86300000     -2.0485665
     0.13586234     0.13707721     0.86400000     -2.0485691
     0.13486414     0.13607008     0.86500000     -2.0485717
     0.13386593     0.13506294     0.86600000     -2.0485742
     0.13286770     0.13405577     0.86700000     -2.0485767
     0.13186946     0.13304860     0.86800000     -2.0485792
     0.13087119     0.13204140     0.86900000     -2.0485817
     0.12987291     0.13103419     0.87000000     -2.0485842
     0.12887462     0.13002696     0.87100000     -2.0485866
     0.12787630     0.12901971     0.87200000     -2.0485891
     0.12687797     0.12801245     0.87300000     -2.0485915
     0.12587963     0.12700517     0.87400000     -2.0485939
     0.12488126     0.12599787     0.87500000     -2.0485962
     0.12388289     0.12499056     0.87600000     -2.0485986
     0.12288449     0.12398324     0.87700000     -2.0486009
     0.12188608     0.12297589     0.87800000     -2.0486033
     0.12088766     0.12196854     0.87900000     -2.0486056
     0.11988922     0.12096116     0.88000000     -2.0486079
     0.11889076     0.11995378     0.88100000     -2.0486101
     0.11789229     0.11894637     0.88200000     -2.0486124
     0.11689381     0.11793896     0.88300000     -2.0486146
     0.11589531     0.11693152     0.88400000     -2.0486169
     0.11489680     0.11592408     0.88500000     -2.0486191
     0.11389827     0.11491662     0.88600000     -2.0486213
     0.11289973     0.11390914     0.88700000     -2.0486234
     0.11190117     0.11290165     0.88800000     -2.0486256
     0.11090260     0.11189415     0.88900000     -2.0486277
     0.10990402     0.11088663     0.89000000     -2.0486299
     0.10890542     0.10987910     0.89100000     -2.0486320
     0.10790681     0.10887156     0.89200000     -2.0486341
     0.10690818     0.10786400     0.89300000     -2.0486362
     0.10590955     0.10685643     0.89400000     -2.0486382
     0.10491090     0.10584885     0.89500000     -2.0486403
     0.10391223     0.10484125     0.89600000     -2.0486423
     0.10291356     0.10383364     0.89700000     -2.0486444
     0.10191487     0.10282602     0.89800000     -2.0486464
     0.10091616     0.10181838     0.89900000     -2.0486484
    0.099917450     0.10081074     0.90000000     -2.0486504
    0.098918723    0.099803078     0.90100000     -2.0486523
    0.097919985    0.098795406     0.90200000     -2.0486543
    0.096921234    0.097787722     0.90300000     -2.0486562
    0.095922471    0.096780026     0.90400000     -2.0486581
    0.094923696    0.095772318     0.90500000     -2.0486601
    0.093924909    0.094764599     0.90600000     -2.0486620
    0.092926111    0.093756868     0.90700000     -2.0486638
    0.091927302    0.092749125     0.90800000     -2.0486657
    0.090928480    0.091741372     0.90900000     -2.0486676
    0.089929648    0.090733606     0.91000000     -2.0486694
    0.088930805    0.089725830     0.91100000     -2.0486712
    0.087931950    0.088718043     0.91200000     -2.0486731
    0.086933085    0.087710244     0.91300000     -2.0486749
    0.085934208    0.086702435     0.91400000     -2.0486767
    0.084935321    0.085694615     0.91500000     -2.0486784
    0.083936423    0.084686784     0.91600000     -2.0486802
    0.082937515    0.083678943     0.91700000     -2.0486820
    0.081938597    0.082671092     0.91800000     -2.0486837
    0.080939668    0.081663230     0.91900000     -2.0486854
    0.079940729    0.080655358     0.92000000     -2.0486872
    0.078941779    0.079647476     0.92100000     -2.0486889
    0.077942820    0.078639584     0.92200000     -2.0486906
    0.076943851    0.077631682     0.92300000     -2.0486922
    0.075944872    0.076623770     0.92400000     -2.0486939
    0.074945883    0.075615848     0.92500000     -2.0486956
    0.073946885    0.074607917     0.92600000     -2.0486972
    0.072947877    0.073599977     0.92700000     -2.0486989
    0.071948860    0.072592027     0.92800000     -2.0487005
    0.070949833    0.071584067     0.92900000     -2.0487021
    0.069950798    0.070576098     0.93000000     -2.0487037
    0.068951753    0.069568121     0.93100000     -2.0487053
    0.067952699    0.068560134     0.93200000     -2.0487069
    0.066953636    0.067552138     0.93300000     -2.0487084
    0.065954564    0.066544133     0.93400000     -2.0487100
    0.064955484    0.065536120     0.93500000     -2.0487115
    0.063956394    0.064528098     0.93600000     -2.0487131
    0.062957296    0.063520067     0.93700000     -2.0487146
    0.061958190    0.062512028     0.93800000     -2.0487161
    0.060959075    0.061503980     0.93900000     -2.0487176
    0.059959952    0.060495924     0.94000000     -2.0487191
    0.058960820    0.059487860     0.94100000     -2.0487206
    0.057961681    0.058479787     0.94200000     -2.0487221
    0.056962533    0.057471706     0.94300000     -2.0487235
    0.055963377    0.056463618     0.94400000     -2.0487250
    0.054964213    0.055455521     0.94500000     -2.0487264
    0.053965042    0.054447417     0.94600000     -2.0487278
    0.052965862    0.053439304     0.94700000     -2.0487293
    0.051966675    0.052431184     0.94800000     -2.0487307
    0.050967480    0.051423057     0.94900000     -2.0487321
    0.049968278    0.050414921     0.95000000     -2.0487335
    0.048969068    0.049406779     0.95100000     -2.0487349
    0.047969851    0.048398629     0.95200000     -2.0487362
    0.046970627    0.047390471     0.95300000     -2.0487376
    0.045971395    0.046382307     0.95400000     -2.0487389
    0.044972156    0.045374135     0.95500000     -2.0487403
    0.043972910    0.044365956     0.95600000     -2.0487416
    0.042973656    0.043357770     0.95700000     -2.0487429
    0.041974396    0.042349577     0.95800000     -2.0487443
    0.040975129    0.041341377     0.95900000     -2.0487456
    0.039975855    0.040333170     0.96000000     -2.0487469
    0.038976575    0.039324956     0.96100000     -2.0487482
    0.037977287    0.038316736     0.96200000     -2.0487494
    0.036977993    0.037308509     0.96300000     -2.0487507
    0.035978692    0.036300276     0.96400000     -2.0487520
    0.034979385    0.035292036     0.96500000     -2.0487532
    0.033980072    0.034283789     0.96600000     -2.0487545
    0.032980752    0.033275537     0.96700000     -2.0487557
    0.031981426    0.032267277     0.96800000     -2.0487570
    0.030982093    0.031259012     0.96900000     -2.0487582
    0.029982754    0.030250740     0.97000000     -2.0487594
    0.028983410    0.029242463     0.97100000     -2.0487606
    0.027984059    0.028234179     0.97200000     -2.0487618
    0.026984702    0.027225889     0.97300000     -2.0487630
    0.025985339    0.026217594     0.97400000     -2.0487642
    0.024985970    0.025209292     0.97500000     -2.0487653
    0.023986596    0.024200985     0.97600000     -2.0487665
    0.022987215    0.023192671     0.97700000     -2.0487677
    0.021987829    0.022184352     0.97800000     -2.0487688
    0.020988438    0.021176028     0.97900000     -2.0487699
    0.019989040    0.020167698     0.98000000     -2.0487711
    0.018989637    0.019159362     0.98100000     -2.0487722
    0.017990229    0.018151021     0.98200000     -2.0487733
    0.016990815    0.017142674     0.98300000     -2.0487744
    0.015991396    0.016134322     0.98400000     -2.0487755
    0.014991972    0.015125965     0.98500000     -2.0487766
    0.013992542    0.014117602     0.98600000     -2.0487777
    0.012993107    0.013109234     0.98700000     -2.0487788
    0.011993667    0.012100861     0.98800000     -2.0487799
    0.010994222    0.011092483     0.98900000     -2.0487809
   0.0099947712    0.010084100     0.99000000     -2.0487820
   0.0089953159   0.0090757117     0.99100000     -2.0487830
   0.0079958556   0.0080673185     0.99200000     -2.0487841
   0.0069963903   0.0070589204     0.99300000     -2.0487851
   0.0059969202   0.0060505174     0.99400000     -2.0487862
   0.0049974453   0.0050421096     0.99500000     -2.0487872
   0.0039979656   0.0040336971     0.99600000     -2.0487882
   0.0029984812   0.0030252798     0.99700000     -2.0487892
   0.0019989921   0.0020168578     0.99800000     -2.0487902
  0.00099949832   0.0010084312     0.99900000     -2.0487912
